ps_n=1;ps_l=1;oo=v1;sb=n6t2ZiaV1x5YCcKeOObvHYG2;vpd=v1%3B767x393x2.75;dpr=3.0234789848327637;datr=VfiYZr2XtGghC5E3J1p8MKN7;m_pixel_ratio=2.75;wd=393x767;c_user=61562886805902;fr=1ZBDlMaHlDNU6iNnU.AWX0eICH6BmI9GnyTSc7k9eYg4o.Bml2d-..AAA.0.0.BmoT7Y.AWWxED6qxvc;xs=19%3AEynzmdiyuUWvKg%3A2%3A1721843418%3A-1%3A-1;locale=en_GB;fbl_st=101520424%3BT%3A28697390;wl_cbv=v2%3Bclient_version%3A2571%3Btimestamp%3A1721843425;
ps_n=1;ps_l=1;sb=4EJ-ZsJP5GJO-q1dhTfk6a8Y;datr=u5GWZqwmXm15JNPxktsbz4r9;m_ls=%7B%2261562886805902%22%3A%7B%22c%22%3A%7B%221%22%3A%22HCwAABaMMxbc877hARMFFpzm_p-3_xsA%22%2C%222%22%3A%22GRwVQBxMAAAWAhaq4rLpDBYAFqrisukMABYoAA%22%2C%2295%22%3A%22HCwAABYIFtLPrdgEEwUWnOb-n7f_GwA%22%7D%2C%22d%22%3A%22338aa88f-160e-4373-9d49-473227e7e33e%22%2C%22s%22%3A%220%22%2C%22u%22%3A%22d8m52z%22%7D%7D;c_user=61556765807948;xs=3%3AHQkMU4mJvgz2SQ%3A2%3A1722078189%3A-1%3A3309;m_page_voice=61556765807948;locale=en_GB;wd=891x1667;dpr=3.0234789848327637;fr=0RDwBUZarLTb68jhX.AWVJjsivm1wKfTkj22suKGxFZT0.Bmo-O0..AAA.0.0.Bmsg7H.AWXHMRS2Em8;vpd=v1%3B735x393x2.75;fbl_st=100725496%3BT%3A28715754;wl_cbv=v2%3Bclient_version%3A2583%3Btimestamp%3A1722945248;
